100001515079233
100002065068412
100002862701183
100003176556625
100003247395416
100003366431875
100003722589348
100003773433587
100004167708592
100004205354670
100004327031215
100004421927518
100004540783622
100004634674746
100004807847215
100004817790044
100004819441180
100005181460425
100005484424011
100005488847885
100005586675609
100005603419256
100005622707634
100005977517956
100006006708472
100006074015432
100006091390714
100006273768642
100006478548520
100006505382537
100006544051469
100006566651340
100006595153552
100006686225384
100006843166721
100006954669069
100007057055914
100007065707654
100007078694914
100007085836271
100007239225712
100007284428656
100007299193704
100007318577017
100007328046344
100007382714225
100007385620802
100007417032998
100007428197940
100007561984602
100007591479893
100007634408428
100007666429412
100007674333902
100007713782762
100007746649354
100007747141426
100007766052742
100007848390679
100007874047171
100007928717878
100007949828376
100008171073855
100008186765305
100008234979023
100008265042497
100008294048909
100008352724812
100008373638435
100008375492467
100008379452971
100008386806786
100008412907540
100008425269040
100008428021495
100008563385411
100008581837590
100008683896374
100008742695641
100008788501715
100008827069464
100008827264273
100008901377600
100008980540065
100008998483924
100008999293192
100009028815701
100009064640696
100009117778958
100009150945017
100009151192440
100009153202669
100009215852802
100009237433608
100009239053976
100009242263086
100009242724046
100009265028780
100009278639639
100009311348881
100009314694115
100009314838263
100009354002820
100009385386722
100009394062022
100009411893874
100009428786268
100009434837976
100009492804507
100009514770488
100009519571455
100009527417773
100009615547019
100009651591311
100009687556265
100009698562958
100009722236510
100009731626769
100009766454895
100009791473727
100009803267589
100009811030208
100009824766032
100009834555266
100009857011568
100009864469079
100009885488973
100009946052171
100009947169807
100009981360417
100009993696458
100010012861509
100010021698264
100010060235841
100010085913158
100010116766391
100010117698049
100010121380591
100010133110744
100010172013209
100010191729228
100010203886786
100010220528557
100010245695673
100010246005634
100010271918988
100010300927028
100010344228260
100010350097321
100010365101220
100010379326908
100010402744684
100010417484039
100010440997638
100010454010092
100010464554415
100010486651716
100010490264875
100010492303532
100010499983635
100010506990529
100010547597728
100010555238711
100010584882672
100010590091646
100010595674956
100010604401405
100010630904650
100010637883147
100010669998841
100010682940212
100010700284268
100010714750292
100010766329744
100010807633784
100010818780709
100010820111345
100010826587925
100010829372640
100010836555141
100010841175529
100010846749364
100010888240515
100010889824982
100010896849143
100010951455461
100010958689492
100010967436584
100010970472439
100010996816926
100011010454320
100011010940577
100011012341434
100011047213160
100011062877003
100011125787214
100011128453445
100011138108059
100011147171315
100011148785033
100011169670744
100011201170833
100011253161179
100011276580602
100011289009844
100011305907243
100011326354730
100011338355869
100011383845991
100011403601877
100011409314733
100011424666485
100011424939131
100011427548700
100011454916256
100011457701210
100011466614507
100011474258473
100011481260920
100011487003145
100011537356854
100011538769441
100011556451074
100011564073996
100011574063853
100011596722166
100011598812430
100011602185294
100011631440136
100011634096285
100011644481535
100011650900017
100011661783913
100011678727632
100011690979618
100011709159521
100011713928565
100011744048398
100011764237259
100011766882068
100011809147941
100011812054845
100011845861458
100011876126847
100011887457685
100011896934287
100011913690818
100011951929095
100011956200311
100011975733337
100011976512633
100011980516085
100011982589067
100012024524190
100012064687228
100012069224654
100012091539960
100012099850618
100012106692389
100012114250041
100012137409528
100012144090021
100012149888417
100012157963078
100012159814383
100012180908441
100012182526173
100012228460842
100012231465272
100012246251270
100012253597288
100012275352705
100012276946290
100012285815549
100012313150852
100012314956525
100012367262235
100012381540124
100012385338994
100012387844674
100012406566939
100012413016678
100012427605297
100012443087701
100012446946142
100012448936912
100012450043005
100012453160222
100012483556694
100012502537729
100012504313828
100012511630452
100012511657029
100012512676675
100012515918378
100012519094595
100012524141194
100012561156392
100012561426571
100012562219368
100012565871283
100012568213817
100012569776648
100012575205282
100012591069340
100012595298017
100012633947676
100012638748000
100012640718479
100012641504433
100012642300727
100012644374713
100012647533346
100012648400637
100012652871897
100012691097142
100012693646732
100012695471111
100012695585859
100012718213936
100012721123741
100012728374664
100012729045569
100012746829646
100012749700328
100012762420193
100012773191197
100012786367563
100012807337492
100012808650539
100012815954163
100012817297512
100012838564097
100012847986734
100012879247123
100012880969112
100012891600455
100012904508265
100012915215296
100012957610830
100012970561360
100012986554514
100012988993714
100013009665210
100013014190890
100013022080377
100013026965893
100013069447760
100013073467524
100013088229380
100013092339817
100013101545241
100013102830483
100013124358978
100013136500541
100013140155898
100013142959150
100013162722804
100013190837029
100013209608264
100013216443755
100013225921214
100013241925661
100013285268171
100013291068690
100013312546113
100013328232158
100013332044321
100013359706452
100013366391022
100013375622364
100013379164095
100013389872998
100013393367951
100013406384107
100013408056344
100013431999838
100013449300334
100013474000235
100013480923915
100013481285606
100013482668036
100013490171853
100013500841922
100013501175317
100013507335324
100013515811314
100013518183747
100013533825011
100013544202629
100013558125069
100013572193930
100013577569070
100013583130344
100013596424369
100013597609161
100013608164282
100013610017620
100013613711984
100013614345950
100013628190791
100013652162771
100013655176399
100013657301697
100013661044225
100013664627762
100013666757275
100013667746843
100013675147180
100013676700256
100013677870087
100013678428638
100013688973153
100013689889285
100013689916038
100013709829374
100013716398734
100013721796595
100013725873011
100013728931685
100013741818516
100013743991501
100013760136600
100013763314035
100013780362766
100013814411869
100013820683348
100013825091645
100013831682748
100013839486378
100013863068034
100013868924250
100013878643775
100013888863965
100013914439083
100013915354181
100013921209207
100013923316166
100013928436505
100013935033719
100013963238104
100013965796323
100014016065848
100014020303870
100014021432151
100014022722049
100014032725568
100014056808446
100014083775872
100014096744329
100014118818388
100014126133170
100014126340687
100014128204609
100014133637990
100014140893436
100014182625952
100014188278543
100014199303589
100014210532475
100014211692629
100014238821283
100014243050786
100014251502753
100014255081404
100014257112804
100014272294223
100014291524909
100014295588211
100014302503319
100014316547303
100014322183449
100014323950464
100014327022201
100014327596678
100014329268100
100014342197657
100014346846926
100014347239987
100014349518960
100014369281130
100014371202245
100014388198125
100014400395169
100014401037832
100014412674390
100014422124926
100014427908092
100014433437340
100014473038521
100014475167722
100014478345190
100014478671704
100014483233427
100014488867234
100014493468619
100014503662405
100014509566357
100014512212170
100014520576593
100014520780562
100014535609129
100014540914708
100014544255757
100014548122946
100014549323766
100014558552143
100014565211704
100014566412188
100014566891914
100014572369313
100014577582116
100014586043571
100014596755631
100014612059336
100014622424189
100014626518499
100014636802412
100014637369486
100014664482650
100014682334064
100014690746083
100014695656116
100014704419836
100014706614833
100014707020412
100014712077085
100014728233145
100014731650381
100014744556776
100014753146150
100014759947530
100014770242995
100014770260878
100014779758708
100014793704081
100014826482669
100014828491695
100014839276628
100014845579111
100014873415838
100014905782041
100014905813104
100014909378548
100014939198800
100014955963051
100014969676098
100014988969529
100014990176392
100014997693973
100014999851564
100015011462880
100015011478815
100015024346762
100015025713395
100015029115894
100015032790779
100015038645481
100015048276310
100015065414637
100015065794433
100015068732963
100015069150678
100015078241992
100015082506346
100015088959096
100015100968575
100015101833778
100015111340021
100015112681565
100015123437144
100015125805581
100015127530292
100015134087428
100015134550165
100015154268761
100015161143389
100015161917973
100015162465095
100015182477761
100015182718868
100015190569565
100015201316257
100015206498023
100015209978706
100015218884313
100015219070742
100015227236315
100015231552827
100015240390862
100015248509098
100015250212020
100015258076036
100015290431344
100015299686989
100015309008051
100015311110781
100015373396715
100015393489260
100015400474831
100015402553819
100015419499580
100015425656662
100015429091948
100015439624313
100015443709606
100015454273116
100015468665153
100015471460721
100015472878875
100015486971925
100015492318927
100015530596788
100015533506903
100015533685743
100015564168894
100015597281335
100015608622534
100015625113809
100015634772343
100015635176744
100015648223226
100015660032629
100015677165668
100015700741708
100015720181206
100015722974714
100015728652141
100015772720986
100015779200031
100015780519457
100015789691248
100015806919607
100015823328067
100015847652326
100015867041371
100015869791506
100015878533152
100015899949858
100015903878060
100015908017705
100015910660924
100015923770645
100015927420723
100015933961834
100015958533691
100015960641553
100015976681305
100015990815757
100016001170102
100016025471871
100016031853729
100016034011951
100016042151327
100016042275102
100016063212697
100016066508799
100016077974153
100016094527416
100016108517049
100016142493950
100016142824634
100016146755794
100016155244101
100016167187817
100016206739225
100016233574726
100016250352552
100016258214944
100016264950177
100016282540301
100016289793880
100016302180009
100016354935352
100016383669341
100016420113731
100016450301312
100016452091469
100016454449153
100016472136736
100016498718212
100016517400562
100016563761199
100016589442789
100016625471169
100016631681580
100016653490048
100016656276588
100016665700008
100016693570675
100016700731937
100016703205169
100016706525491
100016716407223
100016751381008
100016769977919
100016789660931
100016812426917
100016823378365
100016828115616
100016833793612
100016842677095
100016853418107
100016873961638
100016875525952
100016882770305
100016895558039
100016902097325
100016906657081
100016918291011
100016922770170
100016953930005
100016959880295
100016964711748
100016985717824
100016998150237
100017011715656
100017013678077
100017023605237
100017025220380
100017041953486
100017056290445
100017087140828
100017089866367
100017099649707
100017102590090
100017165926300
100017190998318
100017191208995
100017195798609
100017198521750
100017242303792
100017248033239
100017262669871
100017271882896
100017273716241
100017297059242
100017297683533
100017326149394
100017327763253
100017331884145
100017335144253
100017338118053
100017345477637
100017358373311
100017385646932
100017410961489
100017414110294
100017415062910
100017457732197
100017460790361
100017463154364
100017484068219
100017512600276
100017531944851
100017554218379
100017592587808
100017681526926
100017684170436
100017710146987
100017715101928
100017719892903
100017720794126
100017745284604
100017770426742
100017775697186
100017778078295
100017787906061
100017794900204
100017796765210
100017847123914
100017847730580
100017853514896
100017862063819
100017873323539
100017892339162
100017913875988
100017953922494
100018010835413
100018039525085
100018053417381
100018080465418
100018088890386
100018122701442
100018144096870
100018205477727
100018228725982
100018268354677
100018291497332
100018307301460
100018330408023
100018345934958
100018347083924
100018372495132
100018437015235
100018450122228
100018455476432
100018481472547
100018520938747
100018529758812
100018538459478
100018545225787
100018584148983
100018599111725
100018624585597
100018647209224
100018680070745
100018686658133
100018701677972
100018703475878
100018758763232
100018759227637
100018769381871
100018799564548
100018847329240
100018862894985
100018867618109
100018926282472
100018930347902
100018989679455
100019013647945
100019054489000
100019099543135
100019108366545
100019115166355
100019125704594
100019134550653
100019146768772
100019155274738
100019155901886
100019169235506
100019215313489
100019239546252
100019405052369
100019423837894
100019464667825
100019475948721
100019540745338
100019601676421
100019734995779
100019738231779
100019796400383
100019881783124
100019903710712
100019918266081
100019972899263
100019988102311
100020003415306
100020072296704
100020077997109
100020195770182
100020240317995
100020277632942
100020282618398
100020289841575
100020297678925
100020396869391
100020407479013
100020432983990
100020468688469
100020559738511
100020627312743
100020627414409
100020643941972
100020672555372
100020696351443
100020758363383
100020762163161
100020767923580
100020795152526
100020820904815
100020839843452
100020847271007
100020851733076
100020856638608
100020883740914
100020888584623
100020901564289
100020950729163
100020966723867
100020971845622
100021025245539
100021193170149
100021253803314
100021258452330
100021261948301
100021286680415
100021314628182
100021343596516
100021348133757
100021349217798
100021362423277
100021383491304
100021389522770
100021395207848
100021433424504
100021455751310
100021462969758
100021464825789
100021468828722
100021476535609
100021494838273
100021496746519
100021500521664
100021519976499
100021531035119
100021549098620
100021559571023
100021571296965
100021575260120
100021602439347
100021604541967
100021605979154
100021606113814
100021611684233
100021632775566
100021643022470
100021664903726
100021665881686
100021668810781
100021677919905
100021681712906
100021696944405
100021698810175
100021707090658
100021708212448
100021713774703
100021751992226
100021752530389
100021754447449
100021764058541
100021764563060
100021765968438
100021775518270
100021788498485
100021791241867
100021791738805
100021792182756
100021794030392
100021799214123
100021809963846
100021811608681
100021819939270
100021822136813
100021825995038
100021828915777
100021831740529
100021833899147
100021834100580
100021836871286
100021838325162
100021849798788
100021853099357
100021860042167
100021860616160
100021867682336
100021871608181
100021873930160
100021877748625
100021877927706
100021883071687
100021885164406
100021885919997
100021888300981
100021913727432
100021917493613
100021921575665
100021922230098
100021925640303
100021926524964
100021933601373
100021937778101
100021945140236
100021952560544
100021959078749
100021960019832
100021967832994
100021969543097
100021974882612
100021975352807
100021975516332
100021993390026
100021997922693
100022004880415
100022016213546
100022020111514
100022025202664
100022034226353
100022048959827
100022059462476
100022065881173
100022070716671
100022071454130
100022074771999
100022077704256
100022087149072
100022095974283
100022096819385
100022107100244
100022109332029
100022112022312
100022117103134
100022120902032
100022121179889
100022123444141
100022136076695
100022139288385
100022146823680
100022151718228
100022151986782
100022156666499
100022160626521
100022166505150
100022168792529
100022171006749
100022183243039
100022183386057
100022183461720
100022188152107
100022191784326
100022201503635
100022211070393
100022216394954
100022217448194
100022220302897
100022234005300
100022237272436
100022241439235
100022242210283
100022244892816
100022247206855
100022247584189
100022260529009
100022262082461
100022263552510
100022266816302
100022267220370
100022274554735
100022275300752
100022287690958
100022287941851
100022294754438
100022302965968
100022310439859
100022310963011
100022313766200
100022313838651
100022317521930
100022323143383
100022323818253
100022338230169
100022338485917
100022338908648
100022347248319
100022349522143
100022365081638
100022365853200
100022367018681
100022374276183
100022387836994
100022392502707
100022392814256
100022392980450
100022393634783
100022404678468
100022409927982
100022410366435
100022414896632
100022417659237
100022422736935
100022423597733
100022425662896
100022435813695
100022449012150
100022452091952
100022455960570
100022457675538
100022462832859
100022465065260
100022465239642
100022473616407
100022476485705
100022483548067
100022484773656
100022484933593
100022495724248
100022501247972
100022502114938
100022502552168
100022506852177
100022507696336
100022511153302
100022526231580
100022526561302
100022532885208
100022537009962
100022539501935
100022540779553
100022543429186
100022544058301
100022544803125
100022546774689
100022549551096
100022554263041
100022560910706
100022565165122
100022565224818
100022573929307
100022579238559
100022582351144
100022582726599
100022587751278
100022593180856
100022598419159
100022604265612
100022606081227
100022607403283
100022614969037
100022615020039
100022629051256
100022629180532
100022631423192
100022633671025
100022637587349
100022649771443
100022650186283
100022651584307
100022654025134
100022656889583
100022658647164
100022670010764
100022670628265
100022673162614
100022674133274
100022679732484
100022685783370
100022688614471
100022694312373
100022694761465
100022710738304
100022713637640
100022714392696
100022715915380
100022719795868
100022719840270
100022722622238
100022723306678
100022723328690
100022725332717
100022730088569
100022733960874
100022741742561
100022744024600
100022751145313
100022759896627
100022760226604
100022764040831
100022770333454
100022773351568
100022780868875
100022785890063
100022787434128
100022798157587
100022798655270
100022800430208
100022812171700
100022812260152
100022820916418
100022823955716
100022824861172
100022824964773
100022829270818
100022830253093
100022831533271
100022835871039
100022840269663
100022842215405
100022842641173
100022845280577
100022852567562
100022852696593
100022860822397
100022861126106
100022871290699
100022874450427
100022874469311
100022875531038
100022880086871
100022894903392
100022898359246
100022909143891
100022914501240
100022917794081
100022919820002
100022922752412
100022940902082
100022945203472
100022949196371
100022950544446
100022952078047
100022953577879
100022968781631
100022970495369
100022976474869
100022984983591
100022988687585
100022989971137
100022999594265
100023005182896
100023005481127
100023016053481
100023022911165
100023027586408
100023048542281
100023048554134
100023065443061
100023072862884
100023073334204
100023074652406
100023081130393
100023088992007
100023088992580
100023093048733
100023099329203
100023100635149
100023106339724
100023106456738
100023110750623
100023121258339
100023128176886
100023139498847
100023141410083
100023155201136
100023155711019
100023158113344
100023163527001
100023172783784
100023175792249
100023181697652
100023186956186
100023189237997
100023209852054
100023217136774
100023224820208
100023225181718
100023227041263
100023233991577
100023239696890
100023242451849
100023246344482
100023248574773
100023250441163
100023256939462
100023264716505
100023264762272
100023266510678
100023267118208
100023273720953
100023274101052
100023274630865
100023292404925
100023293159527
100023316093867
100023324166053
100023329954830
100023332413731
100023332937919
100023333887577
100023344101510
100023344484641
100023346428872
100023348437816
100023351191384
100023351775268
100023352169695
100023352314802
100023354864846
100023355317238
100023356161880
100023357030190
100023365154237
100023366775371
100023367651859
100023375558459
100023376961764
100023377726873
100023378860152
100023385703197
100023386748312
100023389906977
100023390055884
100023390929604
100023392384873
100023396452004
100023410071414
100023411647831
100023421150777
100023423258239
100023425900756
100023428219333
100023432257425
100023433952326
100023444526057
100023447243730
100023454518036
100023457382225
100023458684546
100023464740306
100023465432969
100023467041650
100023471320853
100023481853833
100023482729399
100023491876065
100023493412559
100023493939207
100023496756769
100023499692726
100023502707949
100023507412408
100023519582905
100023523616850
100023524038253
100023527320607
100023532221804
100023535643593
100023537432328
100023540782711
100023543633681
100023556275173
100023559766307
100023561480081
100023562257135
100023565305131
100023566205086
100023572141648
100023574552487
100023587268299
100023591946659
100023600622183
100023603284028
100023606708056
100023616502932
100023619547396
100023628064469
100023631543107
100023643157981
100023646400247
100023649575377
100023651524591
100023658681718
100023659297044
100023661803907
100023663496034
100023665342099
100023670009580
100023675261447
100023677839285
100023678027499
100023687123904
100023689970475
100023690553326
100023691518708
100023691653803
100023692170238
100023705259028
100023715708896
100023716028608
100023723991692
100023731980167
100023746901438
100023747210651
100023753147709
100023760405864
100023770430381
100023771835075
100023780263205
100023782626431
100023782712907
100023785478651
100023789349284
100023798448132
100023809515268
100023811666953
100023814803666
100023818727672
100023821294322
100023821613694
100023825022954
100023825746836
100023828346416
100023828475980
100023837986943
100023839101673
100023841172661
100023845810585
100023853048233
100023856797326
100023861168182
100023864233587
100023864479929
100023867079377
100023868035429
100023871795424
100023888499714
100023895044099
100023898429131
100023899458484
100023900826534
100023902742987
100023903417792
100023906238803
100023910967934
100023916553316
100023917514319
100023920203699
100023921468728
100023922375868
100023923274711
100023926990862
100023928602478
100023928882121
100023932753237
100023933682677
100023940037573
100023947236012
100023948732695
100023949135820
100023970200260
100023976318783
100023997348166
100023999625180
100024006108488
100024010177061
100024012106638
100024013350370
100024022580954
100024023642027
100024025396245
100024028390450
100024029474308
100024037365751
100024041722421
100024048244277
100024049777549
100024058545447
100024060495819
100024060521835
100024075135846
100024078785455
100024098221295
100024104256327
100024107064252
100024107806101
100024110491494
100024113392192
100024119820141
100024120212746
100024126396109
100024149234781
100024156365942
100024161762782
100024163208413
100024163920575
100024164332726
100024180196442
100024190672538
100024196878828
100024200581817
100024201585602
100024212372148
100024213930466
100024215019608
100024215553712
100024218651336
100024221680420
100024222409787
100024225245063
100024230591791
100024241095795
100024242372776
100024242775059
100024243941258
100024244879798
100024258798257
100024262840020
100024264573776
100024270584574
100024277757834
100024278741059
100024281285452
100024283129093
100024302744950
100024306773341
100024311194904
100024321976903
100024324564014
100024327272048
100024328110720
100024329941181
100024333456007
100024337781947
100024340119318
100024341075514
100024346120866
100024353192335
100024356231757
100024358942857
100024361639181
100024362624076
100024367784891
100024378529119
100024383404398
100024383533551
100024395529457
100024395589786
100024401273784
100024407200002
100024408888445
100024409674300
100024410230062
100024410674758
100024411906879
100024417563379
100024420161208
100024420390211
100024425265050
100024429162230
100024432195596
100024440214053
100024440986358
100024441351380
100024456977111
100024458236146
100024461856149
100024462852974
100024464115777
100024467181395
100024472098431
100024475125504
100024485044741
100024492525217
100024496926505
100024504120695
100024504460099
100024506408414
100024510771946
100024511693187
100024513960883
100024514593171
100024518091685
100024519351166
100024520186762
100024520752101
100024524173692
100024525438778
100024541772278
100024541911154
100024552272540
100024555195740
100024555845851
100024556720566
100024558309711
100024558373413
100024560627585
100024563172058
100024563766493
100024564974847
100024575340465
100024578033892
100024579101595
100024580281159
100024582122447
100024587861453
100024589453231
100024592744418
100024594242643
100024596623883
100024597398291
100024598355504
100024602116154
100024605702819
100024607530819
100024611482062
100024612160679
100024614302001
100024625103845
100024625890313
100024627962410
100024631876161
100024632592183
100024635372267
100024636602148
100024640215913
100024641796109
100024642139234
100024646921606
100024652396346
100024659553952
100024662462818
100024666696294
100024668960946
100024671409437
100024672171450
100024673663139
100024675780492
100024676277275
100024679182185
100024687635804
100024690668024
100024691729312
100024692558474
100024692586997
100024699947403
100024712688016
100024712956140
100024713115624
100024714930084
100024715412388
100024720760567
100024727176576
100024731918909
100024753062730
100024753662851
100024757419348
100024757538909
100024758871917
100024761024742
100024771641097
100024772284235
100024772659676
100024774974181
100024776151248
100024777068666
100024787726836
100024790959010
100024799004872
100024800254091
100024813575008
100024819440767
100024825431369
100024825769613
100024829061276
100024833977836
100024840650702
100024841335341
100024846158843
100024848354450
100024852710401
100024861308396
100024864548439
100024870068277
100024871062340
100024871701021
100024883260695
100024886538140
100024887873230
100024901874997
100024909255637
100024910470392
100024912289718
100024920466596
100024922961394
100024935474831
100024936435739
100024943507495
100024946998649
100024951610112
100024956387823
100024965355469
100024968528531
100024973025579
100024981274710
100024981587659
100024996367222
100024996782703
100024998406755
100024999878331
100025007464950
100025013340449
100025014188764
100025020846787
100025028483397
100025033666647
100025034184208
100025036510450
100025039338451
100025042212868
100025045583245
100025048121308
100025055268491
100025055534954
100025056184912
100025057749947
100025058390920
100025058494864
100025060754093
100025061923898
100025062935297
100025085801622
100025090366748
100025094253616
100025094272568
100025095815292
100025098667870
100025104382543
100025114359734
100025125467698
100025125722770
100025132413954
100025133661904
100025141128176
100025141470961
100025141937845
100025164553034
100025165981859
100025168972358
100025169177390
100025169181972
100025174847009
100025176755173
100025186354536
100025187312913
100025192779573
100025194293009
100025194592655
100025197594153
100025200221893
100025214844123
100025219426210
100025225130844
100025229133504
100025240357237
100025240536823
100025242197658
100025252217877
100025266281465
100025269275307
100025270123761
100025275520804
100025280619867
100025282472801
100025283681204
100025287742322
100025292903647
100025294866674
100025296005702
100025299463770
100025306433645
100025310482629
100025310676470
100025312035259
100025312186032
100025321172394
100025336691406
100025344520126
100025350971529
100025360714716
100025365850600
100025369207338
100025377968477
100025379840744
100025385707294
100025388860480
100025390041502
100025391151978
100025392191621
100025398453276
100025401902740
100025405006747
100025406978167
100025407150365
100025407466890
100025414476914
100025414539208
100025415437335
100025416740779
100025417753508
100025421583646
100025425971867
100025428453090
100025430678253
100025438324258
100025444140707
100025446638628
100025455736187
100025456578223
100025464674902
100025466843882
100025471119440
100025484795205
100025501610147
100025504939207
100025505918380
100025508753058
100025509572767
100025510211073
100025524060648
100025525744716
100025526923926
100025554240456
100025575559634
100025575585282
100025575873301
100025577019662
100025577166458
100025584114328
100025586808047
100025606200541
100025622812933
100025636514111
100025643622458
100025644503414
100025650766981
100025650996041
100025652326928
100025658471244
100025672170333
100025672432412
100025674943708
100025675638631
100025677074641
100025677556954
100025682196046
100025686043817
100025699539753
100025705853280
100025710349987
100025717238487
100025719632995
100025724043612
100025726311931
100025726729044
100025732863748
100025739317510
100025748955154
100025755874125
100025762780478
100025764184943
100025767607456
100025767894291
100025768389736
100025773489495
100025778553301
100025786569533
100025797351575
100025802228768
100025803893104
100025807809644
100025807964140
100025815873860
100025816388048
100025819542378
100025830244670
100025835880742
100025837942796
100025844274232
100025844422243
100025849742260
100025852503572
100025859223268
100025862351640
100025866480827
100025867246464
100025875652781
100025886571596
100025888479871
100025888837793
100025901842906
100025906861368
100025916239085
100025920440756
100025932738557
100025958673717
100025966380237
100025972340076
100025973970202
100025975951933
100025977555696
100025985625733
100025988342069
100025992621282
100025995253241
100025995633788
100025998039844
100026011023776
100026012957190
100026016465551
100026020359398
100026022584324
100026023636434
100026024199598
100026024764964
100026028092506
100026029635144
100026030748697
100026032952742
100026033624370
100026037272999
100026044009961
100026052450612
100026060899171
100026064841739
100026067091383
100026067852957
100026071115811
100026074641833
100026087464714
100026087800544
100026091166167
100026098995737
100026099180327
100026101066668
100026108721523
100026113190270
100026115215233
100026124234128
100026125291199
100026130872943
100026133072351
100026133696662
100026135628278
100026135808800
100026139801041
100026140342766
100026140783831
100026144341387
100026144580068
100026170957477
100026180929639
100026188553356
100026189980632
100026198093640
100026205783882
100026213344562
100026221779893
100026222083466
100026231423263
100026231805351
100026236687699
100026237809478
100026241549390
100026242717592
100026242853879
100026248265617
100026254606290
100026255603120
100026267435910
100026271826531
100026276912375
100026280852924
100026281876067
100026284853815
100026284891861
100026287654543
100026299026058
100026306062086
100026309178971
100026314902656
100026318198433
100026333503643
100026334543908
100026345165273
100026347764174
100026352004541
100026373340640
100026375303936
100026380514881
100026381206954
100026381285871
100026383187914
100026386611333
100026389041118
100026391312335
100026392212036
100026408884739
100026411984845
100026412662760
100026415019468
100026415920834
100026424104932
100026426730759
100026427195896
100026434671726
100026434938208
100026436796165
100026439942510
100026441586531
100026441892032
100026447355337
100026456269019
100026465449665
100026469561183
100026473728400
100026476170544
100026477453105
100026488463731
100026491201181
100026493741567
100026502080794
100026504362676
100026505020757
100026511979324
100026514848962
100026516327695
100026517861542
100026519285080
100026527972934
100026528900454
100026530325784
100026533185121
100026540122314
100026546136697
100026550160141
100026567970254
100026588123223
100026592315948
100026595289189
100026597931768
100026599174425
100026600630825
100026602152216
100026614841740
100026617761096
100026621581715
100026623034517
100026623505941
100026627016455
100026628947802
100026630119365
100026631074396
100026632955609
100026636823364
100026637433866
100026638787306
100026642341017
100026651618781
100026651922911
100026655781515
100026660073774
100026662659772
100026665083136
100026673606183
100026676993728
100026679063218
100026681402762
100026691043589
100026705498654
100026706259218
100026706585029
100026709065123
100026711735445
100026713819787
100026723055615
100026725149110
100026727373392
100026727972286
100026729628770
100026745365965
100026753255129
100026754525115
100026755614327
100026757761420
100026759017595
100026767851220
100026774013905
100026775141893
100026777386010
100026779850540
100026780767592
100026781397335
100026781740384
100026781829574
100026787067799
100026790043181
100026791242807
100026793201893
100026793780192
100026794804743
100026799766711
100026800512203
100026801821390
100026809755063
100026813176860
100026817036205
100026817768507
100026818176381
100026820113393
100026824996201
100026825077060
100026833235389
100026839806365
100026844065717
100026844841243
100026845053789
100026845810274
100026848775073
100026852854319
100026860061326
100026861102594
100026862200732
100026869133153
100026870504532
100026872972749
100026877964633
100026889667747
100026891062391
100026895106314
100026898082807
100026900902988
100026905243107
100026910546266
100026914415546
100026915236718
100026919934069
100026920545990
100026925639032
100026933799569
100026934960286
100026936472950
100026946232864
100026946348982
100026947150843
100026949832121
100026950063414
100026953599905
100026962922863
100026968369252
100026973196747
100026973510199
100026974950211
100026977127263
100026993229648
100026997211839
100027010291330
100027018104027
100027022222146
100027024288726
100027026434162
100027030679642
100027033127934
100027036436567
100027036502397
100027038361645
100027040696288
100027049566713
100027052659822
100027062983007
100027066101500
100027067819101
100027070446265
100027074482889
100027083693455
100027084615553
100027084800616
100027085502248
100027088752469
100027092596402
100027096520411
100027098714365
100027102924297
100027107567587
100027110319475
100027110927697
100027115068490
100027117863545
100027122591550
100027123490500
100027132872929
100027133413551
100027134115604
100027139279364
100027145534280
100027148777062
100027151514353
100027152615128
100027153440198
100027156261651
100027156563723
100027160083127
100027164647110
100027166293271
100027166351968
100027166760633
100027174018173
100027175332991
100027175546103
100027175850064
100027176624178
100027178183373
100027178996895
100027182886391
100027184597696
100027193057413
100027197984680
100027203593117
100027207277784
100027207513759
100027208790638
100027210203171
100027211270546
100027212091851
100027212209589
100027225668238
100027238147417
100027242083118
100027250929756
100027255523052
100027259272441
100027260063882
100027270791896
100027274115508
100027276141590
100027284350926
100027285023043
100027286699308
100027288120243
100027289713873
100027295009763
100027296079449
100027301118040
100027307476588
100027327302787
100027328598071
100027328681412
100027332013035
100027335716552
100027340324467
100027341026037
100027343035984
100027343534960
100027345413667
100027346416827
100027347238670
100027351211541
100027351214855
100027351722457
100027356945425
100027357608350
100027362918523
100027368016607
100027373112318
100027379054329
100027379389706
100027389271627
100027391759683
100027394008302
100027400753465
100027402250109
100027404978548
100027405334778
100027406341696
100027406749990
100027408906861
100027410974402
100027418823754
100027418999562
100027424744044
100027428143697
100027432820890
100027435031944
100027435241683
100027436268453
100027437085440
100027438611826
100027438700320
100027439204742
100027440229227
100027441225056
100027441519788
100027458288617
100027458432635
100027459593976
100027462801299
100027463423157
100027463456999
100027472994942
100027473433933
100027474279400
100027476471653
100027478572256
100027481426434
100027485061144
100027487604909
100027488751661
100027492102750
100027497063486
100027497347946
100027498615373
100027499307238
100027505159570
100027505973137
100027507470583
100027510964916
100027517333191
100027521633092
100027524194182
100027530799587
100027532576231
100027532633475
100027535759293
100027538184038
100027538448607
100027540047256
100027540483107
100027547583406
100027555286856
100027556234789
100027557052134
100027566236835
100027567113592
100027568448633
100027575855998
100027576710285
100027577905792
100027578806928
100027578883636
100027579933595
100027580881053
100027590678285
100027591181336
100027591491491
100027591876162
100027594017374
100027597577201
100027599508577
100027601541039
100027606811039
100027608563104
100027609050998
100027611503197
100027618429302
100027622961598
100027623898834
100027623910656
100027626629727
100027627250977
100027636765653
100027638619403
100027646002565
100027646340176
100027647731892
100027648091787
100027650746836
100027658967397
100027660131290
100027661549795
100027668661463
100027668868232
100027669784926
100027672794599
100027673384296
100027677389544
100027681368390
100027682332517
100027683887855
100027684287972
100027685099419
100027686441953
100027688672672
100027688791378
100027690889053
100027691890530
100027692446905
100027695973181
100027698813431
100027705768573
100027707853983
100027708634066
100027708803012
100027708981022
100027710080392
100027710652813
100027714437156
100027715002965
100027716198227
100027716204326
100027718163098
100027721038059
100027723052353
100027725314355
100027726880117
100027727621206
100027728050474
100027732773766
100027733097243
100027733882349
100027734447653
100027734926472
100027735883243
100027736343696
100027738352113
100027740624894
100027741151839
100027741245302
100027745116129
100027745150398
100027745493081
100027747054345
100027747234022
100027751252315
100027754250047
100027755003102
100027755144900
100027755591775
100027757170688
100027757215329
100027761641084
100027762171786
100027768152504
100027772731221
100027776768059
100027777442171
100027778608035
100027780890470
100027781123623
100027782252918
100027783162102
100027783433991
100027784774962
100027785030283
100027785132902
100027788408423
100027788807572
100027789133447
100027791222448
100027791495660
100027800982982
100027801191198
100027804791899
100027805703343
100027807244257
100027807262290
100027807611062
100027807737354
100027807802867
100027807908886
100027809104127
100027809112298
100027810768319
100027811324316
100027812960835
100027813291011
100027815220161
100027816891874
100027816954062
100027818390378
100027819181055
100027819705315
100027823530764
100027823849773
100027825103322
100027825727682
100027828222101
100027829514916
100027829620286
100027830596564
100027831173978
100027831557371
100027833598984
100027835578468
100027840309083
100027844033274
100027844454421
100027845466161
100027850399722
100027850491736
100027854268518
100027855786128
100027860133435
100027860550032
100027861227495
100027861714049
100027864891819
100027865009328
100027865538478
100027867551983
100027867699069
100027870210898
100027870641828
100027871264856
100027876592190
100027878890611
100027880914134
100027881150849
100027881778700
100027881952547
100027883453838
100027883819593
100027884461698
100027884812270
100027884976389
100027886380814
100027886513908
100027886663709
100027890402711
100027893381936
100027894610332
100027894695519
100027895302935
100027896001404
100027896835035
100027897216738
100027898212050
100027899230689
100027899293952
100027900132667
100027901356183
100027902859740
100027904391534
100027907371759
100027913072344
100027914497054
100027916840606
100027921190277
100027922913647
100027923018413
100027925460417
100027926206657
100027927372102
100027927488429
100027927762199
100027927793108
100027928084656
100027929001824
100027929183964
100027931482163
100027931944033
100027934187789
100027934241969
100027935058714
100027936545743
100027940689101
100027941983935
100027943221908
100027945225656
100027950350825
100027951954090
100027953436248
100027953801518
100027954383975
100027958140230
100027958149962
100027958897498
100027958906133
100027959015432
100027959994066
100027960833997
100027961356015
100027962180571
100027963764841
100027967004369
100027967178304
100027967515842
100027968154277
100027970950346
100027971023767
100027971164787
100027971255508
100027974140208
100027974145840
100027977116036
100027977390494
100027978458534
100027978877390
100027979005145
100027979662621
100027979832511
100027980561021
100027980598294
100027982510036
100027982751062
100027984784860
100027985594943
100027985844317
100027989091883
100027989315121
100027990313678
100027993905895
100027996757953
100027997039566
100027998597081
100028001416048
100028003188275
100028006118621
100028006458170
100028006927948
100028007933319
100028008034810
100028008977281
100028009428100
100028009564217
100028009935300
100028010361689
100028010807954
100028011272737
100028011562098
100028012518567
100028013322844
100028013452777
100028014260252
100028015098401
100028015875676
100028016329194
100028018063336
100028018280136
100028021540052
100028022821013
100028022883684
100028023618472
100028024580274
100028025152285
100028025770136
100028028041238
100028028628100
100028028784199
100028032713872
100028033782467
100028034441804
100028035120256
100028035152956
100028035521694
100028036663598
100028038344281
100028038968195
100028039372835
100028039742628
100028040581464
100028041377130
100028041963025
100028046296992
100028048628753
100028049015957
100028050003111
100028050199377
100028050285800
100028050472524
100028052497137
100028052868885
100028052989158
100028054633692
100028054997367
100028055329293
100028057261810
100028057943704
100028058011804
100028058258032
100028060431453
100028063681411
100028066208191
100028066332815
100028068201272
100028068202992
100028068307107
100028068472200
100028068872642
100028068920227
100028070177882
100028070213484
100028070644388
100028071691020
100028071726676
100028073345494
100028073593629
100028073681989
100028073924399
100028074741184
100028075065909
100028076205073
100028077270756
100028077857494
100028078310470
100028080256857
100028080786651
100028081959200
100028082170956
100028083604943
100028085709341
100028088483103
100028088856010
100028089321766
100028090220218
100028091625176
100028091977631
100028095008826
100028095848503
100028096663474
100028096697017
100028097028278
100028098613278
100028099838059
100028101660303
100028101859161
100028103390316
100028103450406
100028103649535
100028103716585
100028106023004
100028106567022
100028106763174
100028108578804
100028109003428
100028110274042
100028111177568
100028111728180
100028112573174
100028112835031
100028113076367
100028113647111
100028113822602
100028114068146
100028114791702
100028118778139
100028120237383
100028120239331
100028120359747
100028121684275
100028121803455
100028122677505
100028122980765
100028123159169
100028123267929
100028123608434
100028125182519
100028128684171
100028128864118
100028129521061
100028130864695
100028131214099
100028134279742
100028134900268
100028134949662
100028135061103
100028136363961
100028136716803
100028138446221
100028138666608
100028140976537
100028141965281
100028142111686
100028142163703
100028142495913
100028143345853
100028144114812
100028144600206
100028144667701
100028145560384
100028146792873
100028148292640
100028148421005
100028148986780
100028150221737
100028151148338
100028151496230
100028154866989
100028156030092
100028156580475
100028157686993
100028158220379
100028158431430
100028159173380
100028161584511
100028161968539
100028162335857
100028162630841
100028163251988
100028163708958
100028164001999
100028166430795
100028167215978
100028167558344
100028168264389
100028168371858
100028169011520
100028170079341
100028170861853
100028170997536
100028171689155
100028172232143
100028173944731
100028174961393
100028175723614
100028175992592
100028177896914
100028178443708
100028178617769
100028182101126
100028184502496
100028185615957
100028187089200
100028188763795
100028189024670
100028190234904
100028190361467
100028190857337
100028190984696
100028193599118
100028197167138
100028197377308
100028197741020
100028198327661
100028198447703
100028198564832
100028198804010
100028199803203
100028200247462
100028200374019
100028202176657
100028202442765
100028204058977
100028206793329
100028207111499
100028207754127
100028207783310
100028209284327
100028210020057
100028212467777
100028212558619
100028212793574
100028214994109
100028215461565
100028215730769
100028216007605
100028216991225
100028218245134
100028220052786
100028221042714
100028221390119
100028222129023
100028222994658
100028223107696
100028223443542
100028224350612
100028225042125
100028225395923
100028226224896
100028227611344
100028228192647
100028228628860
100028229409089
100028232520810
100028233850512
100028235473051
100028235833395
100028236010345
100028237183630
100028237867519
100028238527237
100028239514390
100028240081182
100028241190053
100028241883264
100028242914770
100028242945418
100028243270756
100028243503832
100028246478618
100028246870510
100028247271832
100028247706461
100028248183770
100028251255791
100028252032644
100028252096198
100028252661957
100028254341614
100028255178977
100028255965757
100028257392045
100028258020711
100028259559942
100028260855432
100028261352869
100028262679748
100028263101288
100028263285698
100028263857603
100028266435186
100028266937792
100028267520922
100028268317282
100028268737397
100028270732099
100028271329448
100028271931875
100028273724634
100028274291594
100028275346018
100028275444072
100028276608138
100028277823084
100028279021581
100028279102307
100028280437444
100028280552100
100028281093159
100028281614171
100028282567879
100028283021821
100028284942760
100028286558135
100028286671707
100028287452335
100028287889426
100028288305866
100028288714058
100028289490048
100028289618053
100028290370288
100028290395769
100028291897687
100028292077114
100028292731871
100028293231467
100028294082741
100028294265144
100028294742894
100028296581142
100028297191383
100028298326307
100028299030469
100028299394326
100028299637381
100028300324115
100028300656031
100028300683081
100028301209033
100028302225408
100028304283039
100028305048706
100028306326714
100028308481987
100028309744183
100028309907289
100028310285775
100028311377123
100028313719074
100028313743214
100028315609388
100028316292401
100028317363034
100028319433943
100028319543291
100028321774231
100028322400974
100028323575157
100028324052342
100028326167442
100028327578374
100028328803633
100028330909006
100028331322309
100028331884136
100028332452269
100028333575200
100028333968276
100028335123853
100028335666404
100028336401528
100028337171140
100028343222525
100028345274123
100028345549522
100028347770829
100028350092785
100028350093077
100028352561221
100028353423139
100028361795451
100028363623286
100028364358435
100028364502106
100028364591932
100028365221813
100028365255552
100028367493335
100028368484146
100028370285050
100028370293708
100028372471482
100028372571844
100028373649687
100028376794738
100028377992334
100028378240091
100028379629370
100028381810027
100028384026959
100028385302712
100028385582119
100028386607541
100028388453727
100028388466088
100028390115052
100028393234967
100028395279342
100028396330256
100028397003848
100028397940310
100028399502018
100028399533663
100028400088888
100028400282346
100028400581633
100028402299017
100028402502431
100028405772118
100028406294889
100028406623769
100028407120258
100028407542933
100028407670635
100028407699238
100028408219564
100028410615386
100028410623036
100028411057987
100028411547392
100028411835830
100028414862288
100028415822775
100028416360216
100028416737734
100028417266563
100028417757632
100028418821282
100028419274471
100028419422444
100028421138713
100028423324129
100028425370935
100028427225404
100028429697058
100028430804240
100028430822301
100028432157523
100028433474794
100028433582230
100028434270221
100028434883899
100028436872784
100028438686952
100028439580765
100028439793514
100028444343474
100028445393606
100028446482140
100028448376096
100028448475676
100028448570695
100028449044473
100028450695730
100028451093117
100028451313108
100028452361331
100028453578765
100028457103679
100028458610094
100028459114783
100028459762718
100028460702717
100028464678909
100028466167849
100028471205387
100028471513816
100028471581211
100028472254372
100028472262854
100028472313018
100028475663221
100028475984877
100028478130487
100028478491662
100028480234546
100028484303072
100028485554397
100028487528163
100028487551057
100028489741995
100028490176581
100028491424256
100028492060420
100028492657745
100028495684727
100028495934198
100028495989666
100028496018511
100028496088843
100028496772565
100028496779275
100028497470708
100028498463114
100028499041122
100028500156871
100028500621716
100028501742309
100028507656298
100028507839027
100028508016455
100028509953842
100028510058651
100028510593537
100028511467923
100028513742186
100028518020591
100028518961047
100028519053615
100028519283769
100028520078664
100028520507152
100028520670943
100028531305948
100028531474903
100028531897252
100028533191725
100028535931781
100028536038887
100028537631143
100028539540614
100028542084234
100028542090880
100028545917094
100028548095106
100028548529499
100028551263142
100028551323182
100028551633957
100028552863226
100028552937765
100028553560681
100028555000486
100028555923694
100028557226116
100028558323224
100028558474918
100028559295738
100028560891360
100028565074414
100028565132236
100028565137200
100028565602307
100028571224719
100028572771806
100028575165195
100028576121418
100028580492425
100028581113274
100028581391225
100028581441951
100028582734136
100028583580241
100028585190069
100028589415926
100028590733574
100028597581942
100028598866591
100028599864098
100028600804006
100028603990927
100028604271183
100028604621637
100028606967955
100028608712651
100028613121061
100028613718663
100028614170642
100028615431454
100028615958771
100028617638388
100028620261539
100028622780848
100028623412388
100028624281491
100028625842374
100028627359598
100028627906683
100028629157566
100028631360866
100028634024271
100028634474101
100028634480175
100028635157798
100028635330142
100028635680346
100028638946930
100028639180665
100028640000057
100028641860415
100028642151895
100028642742859
100028644771376
100028645547420
100028646419450
100028646670950
100028647497015
100028648669749
100028649230186
100028652316850
100028653136685
100028659402894
100028659620488
100028663664961
100028664232292
100028664447809
100028664554013
100028666332543
100028667867389
100028675449301
100028676441431
100028678455503
100028678715005
100028679617914
100028681640231
100028682045820
100028682287823
100028684085704
100028685778371
100028690726417
100028691598017
100028691978576
100028693778388
100028695212320
100028698496952
100028700148896
100028700503684
100028706473666
100028707484593
100028707591032
100028710314462
100028710316579
100028712166689
100028713370589
100028715004218
100028715675769
100028718469059
100028719008487
100028721146376
100028722133955
100028726360739
100028728495963
100028728967877
100028730625276
100028733473085
100028733833490
100028735051005
100028735475382
100028737288855
100028738005007
100028739700566
100028741241241
100028742812793
100028743522812
100028743727194
100028744242856
100028752592209
100028753801589
100028754542653
100028756404227
100028757046430
100028757359648
100028760143609
100028761816957
100028763618764
100028765050949
100028765772254
100028771321091
100028772407436
100028775435745
100028776143013
100028777478637
100028783278492
100028784203560
100028784373203
100028785043829
100028790798882
100028790843559
100028794578946
100028794680757
100028800964105
100028803039003
100028803634562
100028804476014
100028805531462
100028808017080
100028809560357
100028820760123
100028821345278
100028822507733
100028823327580
100028827855521
100028829373643
100028834302402
100028834832005
100028837744226
100028839151885
100028843294491
100028844884764
100028850651329
100028853076854
100028854427020
100028859688244
100028859826181
100028867503161
100028869220620
100028869722975
100028872393762
100028872497343
100028872510776
100028873561101
100028873640959
100028874168739
100028879907084
100028880241673
100028882013491
100028884004434
100028888201894
100028892311763
100028893542114
100028895401555
100028898316733
100028899158404
100028905003606
100028907251230
100028908201176
100028908245601
100028910491528
100028914391601
100028914593465
100028917797015
100028919432103
100028924360465
100028924620079
100028925160505
100028926819843
100028928610540
100028931236386
100028933911246
100028935045678
100028935073212
100028936610603
100028947690288
100028948583760
100028956648017
100028956782973
100028959909453
100028961272348
100028964202666
100028964611695
100028980979641
100028987759747
100028988018757
100028988670735
100028990464337
100028997351595
100028998425225
100029002906230
100029003979816
100029004153557
100029004311602
100029009057504
100029011560777
100029013137499
100029015524424
100029018475076
100029033207817
100029033381581
100029034450284
100029034623884
100029036412114
100029036614450
100029041518121
100029043074622
100029043622850
100029045990476
100029046648810
100029047720716
100029049110677
100029053335010
100029058394364
100029059681498
100029063032508
100029063714273
100029067254360
100029069383756
100029069521575
100029069614509
100029071510821
100029071777554
100029074503363
100029081296574
100029085614470
100029088942119
100029097200721
100029103914009
100029107480957
100029109218975
100029110503307
100029113568830
100029116895707
100029118848959
100029122011552
100029125426170
100029126288994
100029130428260
100029134156294
100029135774218
100029139471891
100029139771066
100029142711044
100029143627282
100029148434777
100029149361964
100029151652963
100029153121402
100029154224615
100029163580113
100029168110024
100029172404125
100029178934478
100029181843771
100029184623760
100029185804500
100029188055830
100029188188909
100029188925614
100029189351280
100029193374400
100029193936072
100029194500774
100029199937106
100029204110124
100029206251083
100029206904839
100029210821262
100029217906121
100029219441225
100029221510495
100029224712176
100029226782187
100029234681805
100029234871137
100029234957602
100029236955841
100029241133496
100029242981785
100029243632075
100029245073751
100029247833948
100029251583607
100029253673891
100029255371559
100029256270636
100029259191807
100029259391290
100029260332931
100029267914033
100029268407905
100029271048667
100029273212444
100029276493036
100029277540249
100029284359695
100029284579827
100029285984467
100029287992560
100029289533016
100029292816108
100029295458311
100029296091829
100029296844211
100029299577744
100029301378983
100029303433255
100029306901768
100029311911558
100029315982453
100029341640494
100029342070907
100029342659525
100029342738488
100029346192849
100029347201893
100029359924047
100029363945063
100029365232454
100029371518630
100029373441906
100029375773415
100029380849996
100029387470291
100029389777134
100029392063003
100029400967424
100029402508200
100029405737076
100029421723340
100029423890848
100029425309957
100029440662965
100029448150590
100029450685601
100029451431677
100029455277525
100029455381891
100029457223837
100029461900887
100029471024561
100029475498408
100029477505792
100029480432741
100029490667474
100029502735249
100029507653122
100029508949528
100029510767864
100029511673819
100029513238998
100029520812152
100029523667481
100029533607518
100029535871533
100029538306600
100029542988453
100029545450205
100029552072726
100029555560320
100029555737910
100029561431489
100029565253938
100029566513691
100029578351320
100029583151321
100029587366488
100029588627115
100029591859673
100029592193848
100029593935104
100029594329013
100029595294259
100029597482900
100029605282288
100029605543625
100029609250641
100029611094487
100029621961738
100029625702758
100029631874702
100029633021470
100029636063008
100029640940255
100029642615322
100029642812020
100029644281650
100029646480616
100029654152879
100029655754509
100029680574693
100029683022775
100029685990050
100029687501300
100029697856670
100029704415517
100029711020015
100029713423021
100029716005308
100029718377934
100029718852579
100029719292007
100029721944399
100029725443713
100029732063978
100029733772316
100029734207959
100029734244746
100029737577125
100029739651497
100029741463590
100029742182538
100029746982119
100029750043462
100029757739513
100029760861305
100029761673298
100029765421085
100029773723441
100029774376090
100029774492171
100029775819467
100029777855650
100029786165290
100029790022233
100029793648174
100029798234434
100029800567818
100029801201761
100029806841642
100029808529878
100029809970391
100029810023458
100029814965020
100029818611312
100029822410157
100029823794725
100029823906812
100029831017668
100029834250430
100029836934618
100029838455747
100029841556144
100029841940607
100029843083660
100029844519554
100029853922882
100029856823719
100029857393831
100029858234108
100029867333077
100029870992699
100029872983640
100029873199516
100029874881321
100029875069759
100029876181963
100029884791395
100029886947451
100029887323994
100029888987497
100029889982955
100029892602181
100029894014576
100029914172915
100029917684038
100029927556112
100029927616084
100029929160539
100029931181433
100029931249290
100029931515826
100029936296184
100029937163491
100029940914310
100029944096041
100029955876018
100029961606349
100029965665563
100029967133719
100029967201559
100029967725141
100029969271259
100029973780300
100029974941233
100029980339223
100029981820144
100029984806307
100029985917179
100029991679546
100029998603937
100030007444085
100030010386259
100030018282011
100030019370730
100030019724755
100030020028631
100030021137039
100030023990156
100030026447593
100030026582372
100030030136184
100030035344394
100030044651030
100030052506708
100030059001811
100030064463869
100030064834686
100030066420820
100030067772749
100030070359389
100030071735129
100030079361274
100030080230077
100030083286030
100030091777206
100030100983890
100030113800007
100030113843312
100030114666993
100030118659774
100030121757357
100030128299277
100030128542717
100030133635786
100030141645585
100030143463835
100030145359809
100030146862880
100030157042851
100030157540335
100030161763803
100030163399344
100030164448917
100030168996664
100030170838562
100030172670884
100030173712871
100030173893718
100030175543493
100030178605326
100030179730366
100030181575213
100030181611094
100030182777935
100030186341499
100030187200012
100030192694673
100030199714828
100030206914076
100030214968184
100030220215410
100030222456872
100030224700541
100030229359074
100030231048378
100030237551601
100030245079467
100030246856790
100030249692271
100030251105950
100030253269172
100030256354556
100030265997931
100030266805882
100030267942095
100030274612613
100030276698634
100030277720874
100030281168879
100030288813812
100030292097283
100030295776333
100030300990717
100030314138302
100030316070184
100030323018052
100030326658525
100030327932277
100030330277616
100030331862612
100030334580600
100030336186980
100030363794374
100030364531338
100030375084205
100030379459580
100030379514693
100030381273545
100030382102668
100030382430988
100030385210525
100030387990275
100030393813944
100030396785248
100030397835079
100030399090802
100030405347071
100030410266558
100030411023060
100030411883580
100030420725633
100030424223684
100030433573901
100030438701180
100030440843760
100030443493791
100030444690565
100030446206631
100030450133320
100030451480074
100030457009372
100030465139456
100030466204654
100030473132190
100030473949028
100030474078223
100030476567795
100030480620570
100030481995888
100030483061689
100030486556510
100030487680447
100030487865061
100030489520315
100030490519590
100030496290405
100030498973778
100030500706790
100030505090113
100030512595298
100030515480599
100030516768560
100030517273259
100030528379979
100030529835743
100030530381842
100030531873022
100030532356480
100030534972916
100030536205280
100030536522886
100030536642337
100030542333666
100030543767076
100030546529649
100030548813934
100030550562316
100030551707718
100030552101685
100030560941500
100030562186325
100030562956886
100030564227681
100030566806332
100030566931889
100030568266056
100030568636424
100030574531445
100030577385410
100030583320958
100030586337493
100030586985000
100030588697706
100030589853359
100030591638181
100030592148298
100030601117417
100030603735045
100030606513009
100030608589384
100030609972252
100030612154231
100030625233693
100030625583579
100030626142805
100030626357487
100030636191054
100030638982163
100030640068875
100030646001434
100030646418809
100030648510535
100030653769497
100030656843395
100030658237253
100030668574294
100030673212239
100030675307984
100030682782219
100030684601733
100030687349429
100030699281586
100030706602214
100030711346524
100030715060904
100030716988130
100030718087477
100030721907503
100030723799973
100030727440061
100030728949582
100030730957112
100030731683628
100030737743635
100030738394181
100030740520259
100030742147533
100030746164065
100030750521545
100030751890086
100030752657698
100030754880098
100030762533325
100030762767118
100030764179438
100030767211096
100030769178029
100030774003933
100030776288482
100030777041365
100030777735350
100030781627246
100030783232716
100030784759501
100030785290362
100030787864790
100030794196872
100030797509696
100030803956587
100030809612299
100030809798153
100030813765821
100030816612762
100030818259647
100030818674171
100030822914120
100030827242588
100030827342512
100030828259156
100030828631246
100030828771020
100030833020298
100030834369144
100030834414300
100030834532187
100030837930271
100030840199333
100030845060114
100030847782442
100030848062628
100030850231629
100030853338246
100030854797402
100030859550196
100030861643676
100030864079346
100030867682287
100030870920840
100030872841945
100030874238056
100030874313668
100030876034165
100030877385272
100030877713444
100030889834775
100030889986506
100030893224487
100030898772686
100030899704500
100030902177783
100030904275067
100030905994361
100030910475227
100030912352813
100030912642252
100030915217234
100030915441727
100030920002140
100030922206693
100030922461592
100030925991650
100030927095244
100030937192452
100030938776112
100030941678408
100030942318979
100030944301333
100030946126555
100030952578778
100030953329163
100030954875304
100030955700996
100030956073580
100030957340783
100030959687559
100030961967222
100030966750111
100030967308597
100030967755642
100030968070966
100030968767356
100030969242747
100030971972520
100030972814028
100030974470513
100030978090174
100030978372451
100030981460919
100030984043967
100030985070790
100030986896194
100030988386994
100030992653130
100030994216730
100030995135240
100030999816307
100031002900093
100031005023615
100031006576010
100031006997768
100031022144368
100031024212244
100031025139957
100031030141303
100031036001038
100031038101088
100031038155568
100031038202028
100031039681648
100031041823986
100031042203556
100031043711349
100031046164239
100031047126279
100031047215472
100031049323300
100031050409172
100031051957505
100031054598658
100031062500505
100031064540548
100031071105063
100031077023161
100031079572470
100031080513255
100031081511380
100031084236282
100031085776117
100031087912190
100031088672060
100031099488193
100031099778037
100031099973973
100031100076478
100031100790209
100031102878221
100031103930270
100031105699813
100031109648325
100031109673130
100031109893054
100031111175687
100031119155839
100031120743172
100031124947149
100031126544273
100031142613862
100031147487792
100031147899809
100031149090281
100031151297893
100031157852054
100031158155625
100031159602102
100031164049314
100031164762869
100031165513176
100031165994689
100031166661538
100031167600604
100031169441918
100031170552195
100031172584774
100031173051383
100031176905174
100031177061620
100031177910216
100031178530609
100031178572817
100031181233647
100031182017481
100031184813413
100031187618159
100031188609150
100031195000493
100031195872477
100031197559524
100031198692500
100031199190489
100031200079205
100031205299044
100031209141047
100031209252321
100031214740508
100031215712927
100031218634423
100031225903340
100031228665320
100031228840324
100031234361570
100031237062928
100031237362932
100031242427991
100031246481598
100031248524492
100031249504500
100031249985057
100031253860888
100031262701323
100031264508521
100031265387701
100031268720224
100031268790596
100031269182092
100031271770598
100031272037332
100031273751011
100031274628647
100031280990532
100031282848138
100031287488349
100031287518843
100031289250255
100031289262779
100031293251600
100031300393301
100031301615342
100031306339321
100031315294967
100031315548526
100031319146804
100031320081414
100031320486955
100031328209996
100031328437761
100031328542941
100031332720594
100031335188169
100031338723727
100031341712212
100031345059380
100031355838606
100031363150960
100031367228451
100031369067598
100031371020341
100031371335284
100031371571014
100031372687740
100031375237316
100031377257047
100031383304568
100031385266251
100031387492697
100031395877727
100031395889442
100031396051815
100031401276024
100031402982205
100031405711624
100031418790382
100031420064528
100031421711928
100031423991401
100031426454684
100031431633046
100031442193585
100031445253024
100031464182726
100031464795867
100031471693292
100031472370231
100031475740818
100031479751678
100031486096347
100031490754264
100031490986929
100031491222679
100031496349162
100031499340114
100031502467942
100031503032090
100031503231226
100031503312087
100031504567709
100031505690058
100031506365131
100031506502586
100031511599565
100031519274724
100031520331361
100031521499125
100031522308538
100031522729052
100031527099892
100031532373081
100031553732715
100031558633627
100031559056385
100031566312115
100031576784136
100031585779772
100031588183652
100031605263865
100031608578165
100031613823679
100031621207731
100031623773340
100031625760961
100031627920208
100031632394868
100031632501192
100031633803942
100031636729689
100031639563230
100031645206404
100031645929960
100031648027404
100031653114141
100031661042419
100031662645882
100031674796213
100031681732836
100031688823693
100031688943037
100031688974661
100031692461722
100031695210118
100031705382689
100031709375658
100031713580250
100031713947272
100031719881279
100031728330286
100031728515291
100031735470727
100031746435074
100031746607167
100031749104313
100031751283986
100031751946813
100031753731865
100031755857882
100031765143159
100031775659219
100031777140768
100031778900191
100031785881777
100031796601859
100031798322892
100031803473054
100031810935422
100031814624178
100031818160525
100031821490553
100031837851975
100031839051239
100031844704343
100031846421331
100031847284614
100031849113117
100031849177606
100031855151594
100031864146650
100031866681235
100031867576286
100031871676048
100031873210487
100031875306916
100031880268364
100031889888121
100031892054666
100031903591421
100031905256182
100031910672267
100031919119883
100031919174648
100031919648682
100031923673433
100031925761049
100031932382628
100031933505878
100031939200244
100031940723030
100031942171207
100031943332601
100031944441835
100031945954776
100031948222020
100031949527303
100031952913217
100031954881084
100031957311186
100031968602762
100031975582025
100031980278750
100031980304803
100031981504180
100031983980023
100031987027960
100031990753732
100031997214330
100031998277914
100032000329689
100032003714307
100032004202605
100032008722031
100032010226765
100032010891772
100032011474899
100032011608823
100032013706003
100032015657883
100032021820320
100032023422035
100032026749500
100032030720307
100032033655503
100032034760080
100032035087887
100032041279665
100032045363762
100032048148333
100032052361550
100032053520916
100032053926349
100032054583074
100032055152643
100032055210690
100032056422712
100032062303304
100032066525203
100032069551893
100032070120043
100032079310220
100032080600828
100032082226926
100032083484892
100032085425062
100032088520539
100032091474164
100032095776767
100032098456784
100032099618839
100032099771496
100032101242163
100032101597800
100032102948008
100032104359792
100032107118097
100032108900956
100032109954026
100032110249830
100032111570599
100032118103248
100032120862756
100032121790165
100032124395472
100032124520352
100032126320862
100032129831298
100032130165610
100032142331316
100032142649450
100032144956321
100032147525342
100032148216402
100032148949111
100032150474425
100032151159323
100032153401930
100032153890512
100032155531783
100032155624211
100032162569126
100032165405287
100032165414093
100032166224040
100032168199619
100032171405239
100032172823534
100032175762557
100032178157881
100032179442612
100032180012511
100032187753659
100032188954057
100032192977589
100032193494185
100032198109961
100032198865030
100032201775839
100032205650150
100032206701373
100032206751073
100032207806026
100032208829627
100032208951072
100032210778991
100032211246443
100032216379515
100032220224965
100032222775682
100032223560222
100032223631291
100032230820164
100032233295052
100032237022099
100032241819635
100032242512105
100032246087168
100032250990917
100032254710141
100032255671790
100032260830216
100032266352795
100032268261007
100032269303968
100032271606306
100032274794295
100032275240453
100032275483316
100032276538812
100032277740377
100032280708163
100032280740013
100032282678795
100032282990479
100032284790416
100032288970916
100032291414947
100032294882706
100032298103985
100032299202556
100032302064922
100032310067710
100032310887360
100032311157105
100032311162596
100032311561587
100032313991678
100032322915223
100032325185027
100032326397320
100032326836804
100032331230007
100032334970150
100032339071571
100032343918557
100032346348902
100032346824186
100032347689339
100032348654690
100032349830289
100032351920302
100032354710620
100032355273345
100032357888143
100032358252940
100032363621426
100032363752613
100032369535549
100032370001666
100032372265246
100032372432025
100032375111116
100032377850707
100032381682086
100032385470483
100032386383435
100032387254238
100032389935927
100032401202515
100032405709147
100032408118860
100032409815455
100032414166924
100032415037538
100032421743200
100032429945202
100032440181057
100032442573718
100032443692567
100032448916184
100032450868009
100032451798650
100032457792476
100032466128561
100032470725774
100032472736015
100032477621262
100032482620371
100032485000747
100032489704188
100032497158853
100032504749619
100032508213035
100032511197337
100032514042048
100032516358688
100032516460187
100032518006820
100032518811948
100032523330445
100032530842021
100032530907579
100032531031411
100032533746809
100032536812047
100032543199860
100032543662086
100032548035704
100032549385680
100032549416812
100032550616468
100032555601230
100032556213399
100032560543866
100032565623940
100032567723711
100032569074119
100032570041426
100032577043619
100032577187585
100032577641079
100032578565967
100032579855386
100032580042589
100032582011984
100032583502397
100032585630637
100032585981010
100032589677088
100032595677687
100032597568012
100032598587073
100032601424996
100032603290772
100032603571525
100032607288155
100032607472495
100032608050255
100032608115829
100032609481740
100032612867284
100032612900466
100032613184459
100032613640174
100032614535157
100032617270184
100032618794463
100032620373067
100032623697470
100032625350897
100032626410239
100032631914274
100032632482567
100032633707934
100032635002909
100032635539742
100032640919036
100032646367686
100032647491136
100032648916863
100032649349060
100032650162737
100032664683663
100032666526535
100032666779360
100032667043251
100032668068077
100032668140027
100032671206388
100032671403852
100032675327031
100032675946455
100032676737238
100032680024961
100032680440157
100032680902894
100032687896751
100032690171617
100032691994918
100032695150756
100032696353240
100032697455186
100032698221302
100032698365031
100032699205737
100032699354925
100032701490981
100032702139582
100032703122232
100032708168146
100032714113816
100032715973383
100032719628193
100032720807513
100032722188411
100032726807917
100032727661405
100032728635411
100032730261157
100032737300606
100032738706237
100032741469436
100032743121769
100032746780995
100032750020450
100032752352804
100032753220515
100032755563809
100032757287716
100032760363383
100032761004302
100032761844689
100032762358348
100032764593694
100032765301886
100032765708221
100032766463757
100032767237855
100032768313548
100032769847755
100032770791208
100032772782472
100032774063068
100032774139212
100032775222760
100032776717281
100032777737966
100032779659448
100032785278914
100032790526056
100032790579190
100032790670458
100032791021108
100032791143688
100032793586086
100032796651646
100032797530312
100032799155509
100032799757863
100032804137910
100032806014322
100032806325949
100032809504742
100032811180994
100032814570723
100032814977219
100032815240538
100032815594379
100032819471431
100032821594547
100032823196286
100032823643898
100032825093252
100032825147363
100032825169863
100032826123000
100032826773508
100032827209873
100032832883312
100032833762816
100032834720149
100032836099857
100032847337142
100032851335584
100032855054704
100032858415080
100032861253296
100032864414704
100032871106692
100032876002991
100032877471817
100032877526640
100032884132670
100032884608641
100032886810608
100032888115941
100032889759233
100032890174511
100032892310578
100032892487856
100032894611220
100032899752861
100032899864013
100032900376319
100032900614069
100032904288077
100032905178314
100032905634782
100032907133898
100032909656097
100032910945070
100032912333036
100032914063667
100032922170871
100032924947996
100032928399650
100032931168478
100032932262523
100032932301138
100032934633616
100032934771684
100032936551167
100032938876437
100032939959250
100032940944080
100032943376793
100032944715541
100032945000654
100032948780621
100032949874277
100032951145850
100032952725842
100032965400838
100032967305973
100032972981917
100032973487316
100032975236640
100032975987077
100032976854469
100032977355339
100032979313799
100032981470784
100032982224253
100032996915169
100033005561389
100033007090603
100033011379052
100033014208725
100033015073183
100033016300909
100033017863244
100033025998762
100033027245960
100033028126540
100033028537166
100033031626544
100033032017224
100033034294178
100033036681543
100033036784936
100033037174392
100033043398694
100033048650982
100033050120420
100033050523031
100033051738131
100033052802617
100033052838321
100033052863317
100033056018352
100033059167088
100033066100443
100033069051668
100033070093112
100033071887172
100033072669743
100033076204242
100033077041433
100033077599362
100033081048332
100033084428901
100033084711911
100033087818870
100033088864412
100033091749850
100033093091909
100033094261720
100033094491297
100033100401095
100033106741257
100033111442131
100033112084886
100033113521751
100033113560238
100033115800753
100033118476956
100033119384072
100033120820111
100033128792740
100033138333516
100033139787316
100033141302390
100033144943777
100033147153442
100033149752339
100033154412436
100033158340958
100033166063600
100033171652879
100033175605746
100033176591962
100033180393283
100033184643399
100033188923750
100033191408737
100033194749238
100033201923451
100033202283376
100033203432259
100033207518264
100033210940646
100033214453219
100033221541816
100033221840568
100033222993599
100033223292686
100033233029927
100033241442444
100033253283139
100033256440670
100033258534174
100033263270355
100033268484190
100033268514848
100033281091030
100033285351524
100033287200149
100033289755908
100033290015666
100033304009495
100033307717736
100033313878378
100033315104637
100033315554445
100033317384098
100033319321473
100033319874042
100033322475937
100033326657343
100033329983958
100033331637825
100033343940967
100033359618534
100033360101657
100033386852161
100033388543401
100033392595151
100033393420599
100033421627297
100033422372757
100033427234019
100033428134455
100033429552231
100033432697877
100033435370021
100033436809067
100033438962619
100033446799844
100033451777582
100033474968596
100033479883465
100033483100328
100033484606312
100033496658631
100033501906995
100033508322910
100033510366372
100033512947738
100033517761702
100033523263507
100033525818832
100033526040458
100033539582780
100033554164969
100033555018646
100033563733885
100033566435231
100033568626958
100033574642919
100033577952614
100033620881652
100033643924476
100033646294152
100033660579396
100033820775576
100033836164448
100033901890491
100033925170349
100033935614209
100033939073170
100034163317663
100034276685307
100034366184580
